69	63	11058	48243	13925057413
57	102	7335	110349	13502468823
33	24	2034	5892	13560439658
28	27	3659	3538	15013685858
24	27	2481	24681	13726230503
24	9	6960	690	13660577991
21	18	9531	2412	18320173382
20	16	4116	1432	84138413
20	20	3156	2936	15920133257
18	138	1080	186852	13600217502
15	12	1938	2910	13602846565
15	12	1527	2106	18211575961
12	12	3008	3720	13922314466
6	3	360	180	13823070001
4	0	264	0	13826544101
4	0	240	0	13719199419
4	0	240	0	13926251106
3	3	1938	180	15989002119
3	3	180	180	13480253104
2	4	132	1512	13926435656
2	2	120	120	13760778710
